33571131721020843049726019830199031328136818556848037341404338051981985669996826889524086435803384097903
83793519564019306206475988975810418394736177008822149183479504788152393221303676871732359997347825240499
45331549114681246342242986104157443830356131559227411878197883425453261151088372426029610997207016869611
80441933067432672794492310838486623060931497855984594711966809769324531312843139496418876912068773754571
08180299012134955373659124356292992745515071033075461246571457559237050027621630030619655135652640579304
07664406527391001913121730587882736225627741956620025539636759113595228335750671864752980660915490702156
59290157720226241358014528208740451520830280734420850790300102437591943889605445730946691109830063109429
52995901836301423563791379544215009539372419671075312819843640286379768538991496769737383949566714058727
65785401665321281134527663224295406181874184791311539348978756335372283608950930603886016661832960496856
79085540403070648950413302668028875230937160855411642012443617783273205431432586250099094607785059764552
22772507143292055349578076770153486655081671448514105407244086132057171263625626518109307199778150573052
76884896873825091736088798839089532203821687596634560267636246135746885543279221841614727947614133351631
96138498532294923933850546730131850317231933627462947778290621896540945871635278050178025218022502756362
